00101010,1111110010100110110111111100111100111111101110011011111111101100011010111000111100111111111011111001111000101101010111011110110010110111110100111111101001011001010110010000101010101011001101111000111110111111110100111111011110001101010001001111100100001101
00001010,0101101000110111001010110100101101100001111101011110011011110001011101111111101010111110100100010010100010111111110000010110111111111010111111011111110010010011111110111100101110111110111101101111100011110011111011101101100111010010110001010111111000111011
00000010,1000110101000100111110010000110101111110110100111110111111100111100111111101010001011111111101101011010111000111100111110111011111001111100101100010111011110110110110110110100111011001101011000010110010000101110101011001101111000111110111110110100111111011
00000000,1111001101001111111011100010111111111011110110101110001111001111101110110110011101001011000101111111101111101101101101000110111001010111100101101100001011101010110011011110001111101111111101000111110100100011010100010111111010000011110111111111010011111011
00000001,1111100100100111111101111001011101111101111011011111000111100111110111011011001110100101100010111111110101110110010110100011011100101011010010110110000111110101111001101111000101110111111110101011111010010001001010001011111111000001011011111111101011111101
00000101,0100011010100010111111000000011010111111111010011111011111110011010011111110111000101111111110111101101011100011110011111011101101100111010010110001011111111011111011011011010001111110010101101001011011000010111010101100110101100011111011111111010001111101
00010101,1111100001001101101111111001111101111111011100100111111111011001110101110001111001111111110111100011110101011011101110101101100001101111101001110111010110110011101100100001010001010110011011110001111001111011101001111110111101011011100010011111001000011011
01010101,0111111011010011111011111110011110011111110111000101111111110110101101011100011110011111011101111100111110010110001011101111011011011011011010011101110110101100001011001000010111010101100110111100011111011110111010011111101101000110101000101111110000000110
01010111,1111001000011011111111001010011011011111110011110011111110111001101111111110110001101011100011110011111111101111100111100010110101011101111011001011011111010011101110100101110101011001000010101010101100110111100011110011111111010011111101111000110101000100
01011111,1011111111101100011010111000111100111111111011111001111000101101010111011110110010110111110100111011101001011001010110010000101010101011001101111000111110111101110100111111011110001101010001001111100100001101011111101101001111101111111001111001111111011100
01111111,0010111111111011110110101110001111001111101110110110011101001011000101111111101111101101101101000110111001010110100101101100001011101010110011011110001111101111111101000111110100101011010100010111111011000011110111111111010011111011111110010010011111110111
